l,BB
2,0.0016281013602320344
3,0.0016758802030640966
4,0.0014734773778686439
5,0.0011636075588079178
6,0.0008563298681103255
7,0.0006133353639742141
8,0.0004540292238441768
9,0.00037270591823171373
10,0.0003526944566756888
11,0.0003750921258374818
12,0.0004244358881938985
13,0.0004895931381590937
14,0.0005639369776063849
15,0.0006440711448422976
16,0.0007284470328769114
17,0.0008165346357623083
18,0.0009080332577849155
19,0.0010028239029938385
20,0.0011008247736141454
21,0.0012019211773111802
22,0.001305982063922291
23,0.0014128439030092008
24,0.001522332669703662
25,0.0016342649420365717
26,0.0017484940093620365
27,0.0018650295422976135
28,0.00198389123633385
29,0.0021049826769315486
30,0.002228171364395624
31,0.0023532967671244884
32,0.002480190286746571
33,0.0026086793060460956
34,0.0027385481959094427
35,0.0028694135274902827
36,0.0030009761359957848
37,0.0031334419257511535
38,0.0032670214479710866
39,0.003401438985555736
40,0.0035362971789058505
41,0.0036712515483640915
42,0.0038061694347897796
43,0.003940971071250868
44,0.0040755766130643745
45,0.004209906146543736
46,0.004343868036269322
47,0.0044773239503207145
48,0.004610123855608484
49,0.00474211768632013
50,0.004873155356085998
51,0.0050030984908674605
52,0.0051318556071115575
53,0.005259346954941431
54,0.0053854928072315685
55,0.005510213469898867
56,0.005633425127057527
57,0.005755027355277161
58,0.005874915625000632
59,0.005992985484193346
60,0.006109132561944341
61,0.006223262557006547
62,0.006335321180957346
63,0.00644526422971418
64,0.006553047611180348
65,0.0066586273503859835
66,0.006761956333192065
67,0.006862974526448434
68,0.006961618764652007
69,0.007057826013642176
70,0.007151533372130266
71,0.007242690258346524
72,0.007331294968247626
73,0.007417358117316596
74,0.007500890450839147
75,0.007581902841856257
76,0.007660402040980159
77,0.007736377929903132
78,0.007809816260040643
79,0.007880702894866674
80,0.00794902380404344
81,0.008014769027458006
82,0.008077944573742744
83,0.008138560509964187
84,0.008196626985961537
85,0.008252154228794632
86,0.008305154982235231
87,0.008355651837367622
88,0.008403669889930297
89,0.00844923428930206
90,0.008492370232461029
91,0.008533109436226097
92,0.008571509562305034
93,0.008607634783128223
94,0.00864154930220888
95,0.008673317351255237
96,0.008703003187866227
97,0.00873067109347822
98,0.008756385372595505
99,0.008780210352249358
100,0.008802210382265753
101,0.008822449836185783
102,0.00884099311273503
103,0.008857904637766263
104,0.008873248867357445
105,0.008887090290700794
106,0.008899493433990997
107,0.008910522864551771
108,0.00892024319550767
109,0.00892871909071742
110,0.008936015269790185
111,0.008942199363922322
112,0.008947350473290788
113,0.008951550620288691
114,0.008954881905166119
115,0.008957426510792866
116,0.008959266707432452
117,0.008960484858367899
118,0.008961163423305022
119,0.008961384962657545
120,0.008961232140703374
121,0.008960787728233189
122,0.008960134604356912
123,0.008959355757655075
124,0.008958534286567984
125,0.008957753398516522
126,0.008957096408411368
127,0.00895664673617787
128,0.008956487903068685
129,0.008956703526881535
130,0.00895737731607053
131,0.008958589399000186
132,0.008960405323485769
133,0.008962887039957953
134,0.008966096555852695
135,0.008970095924631886
136,0.00897494723339635
137,0.008980712590031803
138,0.008987454109386317
139,0.008995233898476259
140,0.00900411404068955
141,0.009014156579876455
142,0.009025423504007537
143,0.009037976726565915
144,0.00905187807047466
145,0.009067189249169936
146,0.009083971848512517
147,0.009102287308670137
148,0.009122196905870295
149,0.009143761734030347
150,0.009167042686751687
151,0.009192094120603712
152,0.009218944879461267
153,0.00924761723594137
154,0.009278133195445456
155,0.009310514480875212
156,0.009344782518055785
157,0.009380958422437635
158,0.009419062986896256
159,0.009459116670095094
160,0.009501139586331567
161,0.009545151496718727
162,0.00959117180099069
163,0.00963921953126571
164,0.009689313346817052
165,0.009741471530129296
166,0.009795711984127545
167,0.009852052231152465
168,0.009910509412839236
169,0.009971100291309478
170,0.010033841251779328
171,0.01009874830621663
172,0.01016583709807274
173,0.010235122908480472
174,0.010306620662876968
175,0.010380344938905588
176,0.01045630282315237
177,0.010534472464674201
178,0.01061482454105356
179,0.010697329420576222
180,0.010781957173597284
181,0.010868677583753131
182,0.010957460159494326
183,0.011048274145869362
184,0.011141088536303866
185,0.011235872083819662
186,0.011332593312892826
187,0.011431220530185625
188,0.011531721835279287
189,0.011634065130792418
190,0.011738218131939116
191,0.011844148375457953
192,0.011951823227388898
193,0.012061209890704912
194,0.012172275411590666
195,0.012284986684765175
196,0.012399310458241058
197,0.012515213336584508
198,0.012632661783629432
199,0.01275162212375945
200,0.012872060542626677
201,0.012993943021466153
202,0.013117235141076239
203,0.013241902274106128
204,0.013367909646527596
205,0.013495222333405908
206,0.013623805253959329
207,0.013753623165977875
208,0.013884640659500758
209,0.014016822149910462
210,0.0141501318708841
211,0.014284533866681333
212,0.014419991984356954
213,0.014556469865947887
214,0.014693930940230445
215,0.014832338415203613
216,0.014971655270462222
217,0.015111844249691125
218,0.01525286785396206
219,0.01539468833570824
220,0.015537267692854202
221,0.015680567664131298
222,0.015824549725209216
223,0.015969175085693267
224,0.016114404687316012
225,0.016260199203218036
226,0.016406519038420563
227,0.01655332433150629
228,0.01670057495787308
229,0.01684823053403224
230,0.0169962504234481
231,0.01714459374402797
232,0.017293219376609617
233,0.017442085975206457
234,0.017591151978508305
235,0.01774037562279925
236,0.017889714956236494
237,0.018039127854351595
238,0.018188572037023783
239,0.018338005086272768
240,0.01848738446538819
241,0.018636667539044274
242,0.018785811594343706
243,0.018934773862277363
244,0.019083511540455227
245,0.019231981816074904
246,0.019380141889454933
247,0.019527948997731866
248,0.019675360438836227
249,0.019822333595647567
250,0.019968825959919407
251,0.02011480067852539
252,0.020260243144108937
253,0.02040514445082328
254,0.02054949589438496
255,0.02069328899355698
256,0.02083651551112654
257,0.02097916747389472
258,0.021121237191373703
259,0.02126271727382448
260,0.021403600648589434
261,0.02154388057548167
262,0.021683550660757417
263,0.02182260486952324
264,0.02196103753711087
265,0.02209884337841329
266,0.022236017496252557
267,0.02237255538796374
268,0.022508452950522145
269,0.02264370648428147
270,0.02277831269531283
271,0.022912268696124276
272,0.02304557200536131
273,0.023178220545965394
274,0.02331021264208634
275,0.02344154701522701
276,0.023572222778854686
277,0.023702239432485096
278,0.02383159685466734
279,0.023960295295475182
280,0.024088335368206176
281,0.02421571804053052
282,0.024342444625641883
283,0.024468516772761233
284,0.024593936457182088
285,0.02471870597301729
286,0.024842827920727877
287,0.024966305200251157
288,0.0250891410016752
289,0.02521133879723479
290,0.02533290233378637
291,0.02545383562558269
292,0.025574142948774838
293,0.025693828835614663
294,0.0258128980706731
295,0.02593135568725089
296,0.02604920696543307
297,0.026166457430898373
298,0.026283112855001567
299,0.026399179256097118
300,0.026514662901759134
301,0.02662956978615792
302,0.02674390405484034
303,0.0268576695903947
304,0.026970870545802432
305,0.027083511352522342
306,0.02719559672935298
307,0.027307131692203897
308,0.027418121564797983
309,0.027528571990222614
310,0.027638488942692885
311,0.027747878740266817
312,0.02785674805761429
313,0.027965103939402054
314,0.028072953813486366
315,0.02818030550451215
316,0.02828716724712476
317,0.028393547699138478
318,0.028499455954020855
319,0.02860490155356691
320,0.028709894499096965
321,0.028814445262514685
322,0.02891856479642186
323,0.02902226454289159
324,0.02912555644159724
325,0.02922845293646667
326,0.0293309669812019
327,0.029433112043273167
328,0.029534902106538655
329,0.029636351672547863
330,0.02973747575980292
331,0.029838289902030305
332,0.0299388101441612
333,0.03003905303724383
334,0.03013903563129921
335,0.03023877546668429
336,0.03033829056380091
337,0.030437599411188832
338,0.030536720952136984
339,0.03063567456962627
340,0.03073448006993345
341,0.030833157665006647
342,0.030931727953219135
343,0.031030211899482383
344,0.031128630813803626
345,0.031227006329066585
346,0.03132536037800388
347,0.03142371516963646
348,0.031522093164682366
349,0.031620517051094574
350,0.0317190097188337
351,0.03181759219470979
352,0.03191627749709388
353,0.03201507673096866
354,0.03211400110292108
355,0.03221306189687106
356,0.03231227045002195
357,0.032411638129741675
358,0.03251117631065262
359,0.03261089635348202
360,0.032710809583990606
361,0.03281092727357867
362,0.03291126062068792
363,0.03301182073366601
364,0.033112618614784525
365,0.03321366514554406
366,0.03331497107352387
367,0.03341654700055727
368,0.033518403372205664
369,0.03362055046891366
370,0.03372299839824672
371,0.033825757088849474
372,0.03392883628536835
373,0.034032245545151
374,0.034135994235721986
375,0.03424009153391621
376,0.034344546425443274
377,0.03444936770636447
378,0.03455456398459551
379,0.03466014368284208
380,0.03476611504193858
381,0.03487248612499391
382,0.03497926482164474
383,0.03508645885314047
384,0.03519407577715898
385,0.03530212299308395
386,0.03541060774710218
387,0.03551953713709296
388,0.03562891811733014
389,0.0357387575026947
390,0.03584906197242758
391,0.03595983807317381
392,0.036071092221334776
393,0.036182830704565495
394,0.03629505968247124
395,0.03640778518593817
396,0.03652101311585935
397,0.03663474924024529
398,0.036748999190632445
399,0.036863768456776885
400,0.03697906238050263
401,0.03709488753311401
402,0.037211255862051526
403,0.037328180525269414
404,0.037445674494808096
405,0.0375637505440837
406,0.037682421234297075
407,0.037801698899535184
408,0.03792159563094043
409,0.03804212325977843
410,0.038163293339963426
411,0.03828511712938896
412,0.03840760557103199
413,0.03853076927301562
414,0.03865461848883339
415,0.03877916309665695
416,0.03890441257896134
417,0.039030376001800114
418,0.039157061994320806
419,0.03928447872843539
420,0.039412633898889125
421,0.039541534703792416
422,0.039671187825798815
423,0.03980159941395743
424,0.03993277506671096
425,0.040064719815404104
426,0.04019743810946632
427,0.040330933802329445
428,0.04046521013896811
429,0.040600269744577915
430,0.04073611461496128
431,0.04087274610824962
432,0.041010164938433215
433,0.04114837117024351
434,0.04128736421588415
435,0.04142714283348149
436,0.04156770512706353
437,0.041709048548308036
438,0.04185116990006389
439,0.0419940653412578
440,0.0421377303936846
441,0.04228215995010431
442,0.04242734828405753
443,0.04257328906069511
444,0.042719975349507965
445,0.04286739963772286
446,0.0430155538451817
447,0.04316442934015269
448,0.04331401695599604
449,0.04346430700860074
450,0.04361528931459786
451,0.0437669534335835
452,0.043919289357583054
453,0.0440722868599934
454,0.04422593529161564
455,0.04438022360002986
456,0.04453514034915909
457,0.04469067373821119
458,0.04484681162063744
459,0.045003541522344225
460,0.04516085065937838
461,0.04531872595501784
462,0.04547715405589339
463,0.045636121347428955
464,0.04579561396816048
465,0.04595561782317832
466,0.04611611859642858
467,0.0462771017617948
468,0.046438552593304434
469,0.046600456173833404
470,0.04676279740288688
471,0.046925561003033966
472,0.04708873152528495
473,0.04725229335318015
474,0.04741623070591776
475,0.04758052764036407
476,0.04774516805198433
477,0.047910135674990285
478,0.04807541408144878
479,0.04824098667975646
480,0.0484068367123168
481,0.04857294725272845
482,0.0487393012023793
483,0.048905881286801844
484,0.04907267005162405
485,0.049239649858582826
486,0.049406802881308644
487,0.049574111101309326
488,0.0497415563041616
489,0.049909120076080234
490,0.050076783800934756
491,0.05024452865778171
492,0.050412335619059244
493,0.05058018544977103
494,0.05074805870731424
495,0.050915935742369
496,0.05108379670087623
497,0.05125162152711095
498,0.051419389967993036
499,0.051587081578576624
500,0.0517546757289227
501,0.05192215076807663
502,0.05208948150112179
503,0.05225664173252531
504,0.052423605122482224
505,0.052590345200620364
506,0.05275683538081433
507,0.052923048977483886
508,0.053088959222969676
509,0.0532545392862757
510,0.05341976229281958
511,0.05358460134530546
512,0.05374902954548768
513,0.0539130200168909
514,0.054076545928262096
515,0.05423958051771584
516,0.05440209711731971
517,0.054564069178293984
518,0.05472547029643736
519,0.054886274237682664
520,0.05504645496378369
521,0.055205986657897874
522,0.05536484375009343
523,0.055523000942291165
524,0.05568043323291687
525,0.055837115941030066
526,0.05599302472959611
527,0.05614813562816309
528,0.05630242505439381
529,0.05645586983484473
530,0.0566084472244001
531,0.056760134924754284
532,0.05691091110139357
533,0.05706075439948627
534,0.057209643958268844
535,0.05735755942402021
536,0.05750448096164487
537,0.05765038926456827
538,0.05779526556353909
539,0.057939091633522295
540,0.0580818497993311
541,0.058223522939786373
542,0.0583640944904598
543,0.058503548444912255
544,0.05864186935473605
545,0.05877904232824079
546,0.058915053028061444
547,0.05904988766746594
548,0.05918353300579474
549,0.059315976342838944
550,0.059447205512539
551,0.05957720937314627
552,0.059705979291800444
553,0.05983350764397158
554,0.059959787307304786
555,0.06008481165266433
556,0.060208574535012764
557,0.060331070284153084
558,0.06045229369553355
559,0.06057224002140277
560,0.06069090496193103
561,0.060808284656926115
562,0.060924375677887846
563,0.0610391750207028
564,0.06115268009898141
565,0.06126488873792098
566,0.061375799169231714
567,0.061485410026658735
568,0.061593720342537066
569,0.06170072954511604
570,0.061806437456975935
571,0.06191084429439188
572,0.062013950667523784
573,0.062115757581744285
574,0.062216266439827285
575,0.06231547904522968
576,0.06241339760591469
577,0.06251002473943607
578,0.06260536347853388
579,0.06269941727771991
580,0.06279219002028547
581,0.06288368602605232
582,0.06297391005961134
583,0.06306286733895984
584,0.06315056354445733
585,0.06323700482809308
586,0.06332219782267355
587,0.06340614965129804
588,0.06348886793651673
589,0.06357036080936106
590,0.06365063691801687
591,0.06372970543624429
592,0.0638075760709971
593,0.06388425906964369
594,0.06395976522625398
595,0.06403410588729362
596,0.06410729295617554
597,0.06417933889688879
598,0.0642502567365578
599,0.06432006006689842
600,0.06438876304431912
601,0.06418130383178709
602,0.06424892667744411
603,0.06431549390209185
604,0.06438102134275389
605,0.06444552538241627
606,0.06450902294206504
607,0.06457153147145915
608,0.06463306893847076
609,0.06469365381707759
610,0.06475330507412792
611,0.0648120421547364
612,0.06486988496653502
613,0.06492685386276963
614,0.06498296962426582
615,0.06503825344049169
616,0.06509272688961636
617,0.06514641191780735
618,0.06519933081767289
619,0.06525150620633909
620,0.06530296100274008
621,0.0653537184045456
622,0.0654038018649811
623,0.06545323506919977
624,0.06550204191072513
625,0.06555024646784521
626,0.06559787298021773
627,0.06564494582572444
628,0.06569148949754881
629,0.06573752858185798
630,0.06578308773591075
631,0.06582819166697144
632,0.06587286511165452
633,0.06591713281640002
634,0.06596101951852257
635,0.06600454992839835
636,0.06604774871248237
637,0.06609064047745052
638,0.06613324975531285
639,0.066175600989703
640,0.0662177185231422
641,0.06625962658556517
642,0.0663013492837969
643,0.06634291059218918
644,0.06638433434442464
645,0.06642564422614042
646,0.06646686376872943
647,0.0665080163440419
648,0.06654912516004251
649,0.0665902132571534
650,0.06663130350557786
651,0.06667241860314156
652,0.06671358107390057
653,0.06675481326719127
654,0.06679613735710255
655,0.06683757534242046
656,0.06687914904684425
657,0.06692088011915111
658,0.06696279003374012
659,0.06700490009096513
660,0.06704723141744938
661,0.06708980496616135
662,0.0671326415162001
663,0.06717576167228985
664,0.0672191858637541
665,0.06726293434292373
666,0.0673070271831208
667,0.06735148427578454
668,0.06739632532707934
669,0.0674415698535945
670,0.06748723717731223
671,0.06753334641972371
672,0.06757991649514825
673,0.06762696610308207
674,0.06767451371974269
675,0.06772257758865921
676,0.06777117571053277
677,0.06782032583210007
678,0.0678700454342148
679,0.0679203517191828
680,0.06797126159736858
681,0.06802279167299616
682,0.06807495822945635
683,0.06812777721391604
684,0.06818126422157335
685,0.06823543447932708
686,0.06829030282924238
687,0.06834588371167767
688,0.06840219114829157
689,0.06845923872497804
690,0.06851703957478747
691,0.06857560636094087
692,0.06863495126018378
693,0.06869508594629503
694,0.06875602157410558
695,0.06881776876391146
696,0.06888033758660439
697,0.06894373754935589
698,0.06900797758211982
699,0.06907306602486267
700,0.06913901061592985
701,0.06920581848113293
702,0.06927349612397424
703,0.06934204941694931
704,0.06941148359406032
705,0.06948180324435561
706,0.069553012306732
707,0.06962511406600075
708,0.06969811115018011
709,0.0697720055289714
710,0.06984679851353517
711,0.0699224907574924
712,0.06999908225915485
713,0.07007657236487394
714,0.0701549597736208
715,0.07023424254265087
716,0.07031441809422469
717,0.07039548322335633
718,0.07047743410645713
719,0.07056026631090762
720,0.07064397480547421
721,0.07072855397134196
722,0.07081399761392722
723,0.07090029897511153
724,0.07098745074616906
725,0.07107544508083126
726,0.07116427360891793
727,0.07125392744999115
728,0.07134439722720766
729,0.07143567308129511
730,0.07152774468437563
731,0.07162060125370377
732,0.07171423156521958
733,0.07180862396687485
734,0.0719037663914959
735,0.07199964636935344
736,0.07209625104017432
737,0.07219356716471804
738,0.07229158113570659
739,0.07239027898818373
740,0.0724896464091781
741,0.07258966874679189
742,0.0726903310185039
743,0.07279161791881286
744,0.07289351382613626
745,0.07299600280908894
746,0.0730990686319595
747,0.07320269475957812
748,0.0733068643614987
749,0.07341156031563063
750,0.0735167652111602
751,0.07362246135106106
752,0.07372863075401176
753,0.07383525515598316
754,0.0739423160113571
755,0.07404979449377533
756,0.074157671496713
757,0.07426592763397712
758,0.0743745432399675
759,0.07448349836995623
760,0.0745927728004332
761,0.07470234602958424
762,0.07481219727792379
763,0.0749223054891991
764,0.07503264933163223
765,0.0751432071996472
766,0.07525395721592826
767,0.07536487723416337
768,0.07547594484226744
769,0.0755871373663683
770,0.07569843187539588
771,0.07580980518650986
772,0.07592123387120912
773,0.07603269426237554
774,0.07614416246207167
775,0.07625561435025557
776,0.07636702559431385
777,0.07647837165956589
778,0.07658962782058751
779,0.07670076917339674
780,0.07681177064851616
781,0.07692260702490683
782,0.07703325294466663
783,0.07714368292847747
784,0.0772538713918429
785,0.07736379266198512
786,0.07747342099536661
787,0.07758273059575774
788,0.07769169563286903
789,0.07780029026146772
790,0.07790848864070753
791,0.07801626495393102
792,0.07812359342862125
793,0.07823044835654434
794,0.07833680411388749
795,0.07844263518151932
796,0.07854791616504832
797,0.07865262181480119
798,0.07875672704553598
799,0.07886020695580226
800,0.07896303684700821
801,0.07906519224195217
802,0.07916664890286766
803,0.07926738284887351
804,0.07936737037278435
805,0.079466588057263
806,0.07956501279016369
807,0.07966262177914633
808,0.07975939256539352
809,0.07985530303662018
810,0.07995033143901954
811,0.08004445638844408
812,0.0801376568806193
813,0.08022991230048802
814,0.08032120243060172
815,0.08041150745859346
816,0.08050080798381434
817,0.08058908502304825
818,0.08067632001539891
819,0.08076249482635098
820,0.08084759175105587
821,0.08093159351688207
822,0.08101448328524628
823,0.08109624465286053
824,0.08117686165228694
825,0.08125631875204557
826,0.08133460085621583
827,0.08141169330363213
828,0.08148758186668353
829,0.08156225274985704
830,0.0816356925881106
831,0.08170788844497381
832,0.08177882781062522
833,0.08184849859990566
834,0.08191688915039644
835,0.08198398822054243
836,0.0820497849879038
837,0.08211426904763469
838,0.08217743041123599
839,0.08223925950548555
840,0.08229974717180781
841,0.08235888466594093
842,0.08241666365804459
843,0.08247307623319691
844,0.08252811489233801
845,0.08258177255367238
846,0.08263404255460154
847,0.08268491865398579
848,0.08273439503503557
849,0.08278246630856263
850,0.08282912751671312
851,0.08287437413714949
852,0.08291820208760138
853,0.08296060773084425
854,0.08300158787999254
855,0.0830411398040875
856,0.08307926123400503
857,0.08311595036850772
858,0.08315120588058372
859,0.08318502692375786
860,0.08321741313858678
861,0.08324836465910734
862,0.08327788211926339
863,0.08330596665919766
864,0.08333261993134883
865,0.08335784410637773
866,0.08338164187881733
867,0.08340401647229095
868,0.08342497164434225
869,0.08344451169087994
870,0.08346264145005083
871,0.08347936630552656
872,0.08349469218922997
873,0.08350862558335066
874,0.08352117352172593
875,0.08353234359041559
876,0.08354214392756251
877,0.08355058322246602
878,0.08355767071381547
879,0.08356341618707469
880,0.08356782997109297
881,0.0835709229338006
882,0.08357270647711709
883,0.08357319253094955
884,0.08357239354642583
885,0.08357032248822119
886,0.08356699282621136
887,0.08356241852623521
888,0.0835566140401713
889,0.0835495942952855
890,0.08354137468295672
891,0.0835319710466977
892,0.08352139966963926
893,0.08350967726149028
894,0.08349682094498331
895,0.08348284824194403
896,0.08346777705891509
897,0.08345162567255261
898,0.08343441271471036
899,0.08341615715735394
900,0.0833968782973525
901,0.08337659574114223
902,0.08335532938945002
903,0.08333309942201515
904,0.08330992628242093
905,0.08328583066305448
906,0.08326083349028618
907,0.0832349559099636
908,0.08320821927307524
909,0.08318064512187098
910,0.08315225517628069
911,0.08312307132082736
912,0.083093115591926
913,0.08306241016562985
914,0.08303097734593964
915,0.08299883955359326
916,0.08296601931535023
917,0.08293253925382858
918,0.08289842207785575
919,0.08286369057338613
920,0.08282836759488865
921,0.08279247605727033
922,0.08275603892828896
923,0.08271907922148171
924,0.08268161998943345
925,0.08264368431760985
926,0.08260529531844725
927,0.08256647612592362
928,0.08252724989035173
929,0.0824876397734923
930,0.08244766894394563
931,0.08240736057265158
932,0.08236673782861173
933,0.08232582387471109
934,0.08228464186353907
935,0.08224321493333554
936,0.08220156620376955
937,0.0821597187717608
938,0.08211769570712735
939,0.0820755200480357
940,0.08203321479632807
941,0.081990802912546
942,0.08194830731068814
943,0.08190575085268849
944,0.08186315634249569
945,0.08182054651983067
946,0.0817779440535575
947,0.08173537153462865
948,0.08169285146857605
949,0.08165040626761749
950,0.0816080582422974
951,0.08156582959270706
952,0.0815237423992226
953,0.08148181861282228
954,0.08144008004499657
955,0.08139854835725381
956,0.08135724505017268
957,0.0813161914521464
958,0.08127540870777006
959,0.08123491776592104
960,0.0811947393675178
961,0.08115489403309807
962,0.08111540205013712
963,0.08107628346024479
964,0.08103755804624024
965,0.0809992453191093
966,0.08096136450499071
967,0.08092393453216648
968,0.08088697401812521
969,0.08085050125672404
970,0.08081453420554997
971,0.08077909047351364
972,0.0807441873086639
973,0.08070984158635647
974,0.08067606979775732
975,0.0806428880387966
976,0.08061031199950945
977,0.08057835695389468
978,0.08054703775029766
979,0.08051636880236426
980,0.08048636408051929
981,0.08045703710413647
982,0.08042840093431235
983,0.08040046816725424
984,0.08037325092843287
985,0.08034676086734228
986,0.08032100915297284
987,0.08029600646997477
988,0.08027176301555906
989,0.08024828849700905
990,0.08022559212995015
991,0.08020368263721916
992,0.08018256824846204
993,0.08016225670028373
994,0.08014275523706073
995,0.08012407061229974
996,0.08010620909060634
997,0.08008917645010388
998,0.0800729779853525
999,0.08005761851075664
1000,0.08004310236435082
1001,0.0800294334119344
1002,0.08001661505157603
1003,0.08000465021836714
1004,0.07999354138943558
1005,0.07998329058914068
1006,0.07997389939442744
1007,0.07996536894030164
1008,0.07995769992536711
1009,0.07995089261737491
1010,0.07994494685878603
1011,0.07993986207227169
1012,0.07993563726615263
1013,0.0799322710396462
1014,0.07992976158808289
1015,0.07992810670783727
1016,0.07992730380112281
1017,0.07992734988054383
1018,0.07992824157341903
1019,0.07992997512577979
1020,0.07993254640624453
1021,0.07993595090946923
1022,0.07994018375939438
1023,0.07994523971218997
1024,0.07995111315896075
1025,0.07995779812810955
1026,0.07996528828751441
1027,0.0799735769464087
1028,0.0799826570570231
1029,0.07999252121607256
1030,0.08000316166603334
1031,0.08001457029619752
1032,0.08002673864367406
1033,0.08003965789423463
1034,0.08005331888310885
1035,0.08006771209571716
1036,0.08008282766842051
1037,0.08009865538926751
1038,0.08011518469886983
1039,0.08013240469130624
1040,0.08015030411522213
1041,0.08016887137505323
1042,0.08018809453251144
1043,0.08020796130831831
1044,0.08022845908419106
1045,0.08024957490511556
1046,0.08027129548211882
1047,0.0802936071951817
1048,0.08031649609675987
1049,0.08033994791562712
1050,0.08036394806119124
1051,0.08038848162829704
1052,0.08041353340247887
1053,0.08043908786570833
1054,0.08046512920275511
1055,0.08049164130787671
1056,0.08051860779215904
1057,0.08054601199134494
1058,0.08057383697413849
1059,0.08060206555104167
1060,0.08063068028368368
1061,0.08065966349458703
1062,0.08068899727747404
1063,0.08071866350791408
1064,0.08074864385444537
1065,0.0807789197900663
1066,0.08080947260409545
1067,0.08084028341433197
1068,0.0808713331795495
1069,0.08090260271222358
1070,0.0809340726914354
1071,0.08096572367607922
1072,0.0809975361180449
1073,0.08102949037566315
1074,0.08106156672709672
1075,0.08109374538374493
1076,0.08112600650375865
1077,0.08115833020533143
1078,0.08119069657993261
1079,0.08122308570552254
1080,0.08125547765935232
1081,0.08128785253075246
1082,0.081320190433555
1083,0.0813524715182735
1084,0.08138467598393988
1085,0.0814167840896311
1086,0.08144877616558174
1087,0.0814806326239575
1088,0.08151233396918171
1089,0.08154386080780156
1090,0.0815751938579967
1091,0.08160631395855976
1092,0.08163720207744177
1093,0.08166783931985087
1094,0.08169820693586098
1095,0.08172828632757333
1096,0.08175805905582902
1097,0.08178750684645472
1098,0.08181661159605495
1099,0.08184535537749626
1100,0.08187372044479382
1101,0.08190168923783708
1102,0.08192924438655193
1103,0.08195636871489154
1104,0.08198304524443373
1105,0.0820092571976726
1106,0.08203498800113826
1107,0.08206022128822796
1108,0.08208494090189963
1109,0.08210913089713925
1110,0.08213277554338723
1111,0.08215585932683381
1112,0.08217836695258278
1113,0.08220028334693853
1114,0.08222159365953717
1115,0.08224228326562436
1116,0.0822623377683318
1117,0.08228174300104407
1118,0.08230048502989977
1119,0.08231855015646398
1120,0.0823359249204372
1121,0.0823525961026723
1122,0.082368550728289
1123,0.08238377607004474
1124,0.08239825965192844
1125,0.08241198925293186
1126,0.08242495291106063
1127,0.08243713892764074
1128,0.08244853587178622
1129,0.08245913258511897
1130,0.08246891818668751
1131,0.08247788207811842
1132,0.08248601394900017
1133,0.08249330378237696
1134,0.08249974186044974
1135,0.08250531877045804
1136,0.08251002541059338
1137,0.08251385299608499
1138,0.08251679306536563
1139,0.08251883748623327
1140,0.08251997846201609
1141,0.08252020853781633
1142,0.08251952060659863
1143,0.08251790791527638
1144,0.08251536407065661
1145,0.0825118830451832
1146,0.08250745918261704
1147,0.08250208720338244
1148,0.08249576220977405
1149,0.0824884796908131
1150,0.08248023552678128
1151,0.08247102599353796
1152,0.08246084776634129
1153,0.08244969792335144
1154,0.08243757394864494
1155,0.0824244737349139
1156,0.08241039558560799
1157,0.08239533821663934
1158,0.08237930075759972
1159,0.08236228275246667
1160,0.08234428415984081
1161,0.08232530535261447
1162,0.08230534711713774
1163,0.08228441065189905
1164,0.08226249756567046
1165,0.08223960987511467
1166,0.0822157500019375
1167,0.08219092076951406
1168,0.08216512539907898
1169,0.0821383675054241
1170,0.08211065109212426
1171,0.0820819805464516
1172,0.08205236063376954
1173,0.08202179649160651
1174,0.08199029362344676
1175,0.08195785789209899
1176,0.08192449551285914
1177,0.08189021304636854
1178,0.08185501739130017
1179,0.0818189157768225
1180,0.08178191575489699
1181,0.08174402519249165
1182,0.08170525226367983
1183,0.08166560544168254
1184,0.08162509349090535
1185,0.08158372545894789
1186,0.08154151066871236
1187,0.0814984587104636
1188,0.08145457943413449
1189,0.08140988294163047
1190,0.08136437957931258
1191,0.08131807993067569
1192,0.08127099480916956
1193,0.08122313525125194
1194,0.08117451250965518
1195,0.08112513804683491
1196,0.0810750235287265
1197,0.08102418081872355
1198,0.08097262197186345
1199,0.08092035922933478
1200,0.08086740501321438
1201,0.08081377192141428
1202,0.08075947272291285
1203,0.08070452035321438
1204,0.08064892790999896
1205,0.08059270864902977
1206,0.08053587598024549
1207,0.08047844346398818
1208,0.08042042480743468
1209,0.08036183386115012
1210,0.08030268461577807
1211,0.08024299119876172
1212,0.08018276787121167
1213,0.08012202902476558
1214,0.08006078917849721
1215,0.07999906297575603
1216,0.07993686518109155
1217,0.07987421067698038
1218,0.07981111446056055
1219,0.07974759164020613
1220,0.07968365743199443
1221,0.07961932715600455
1222,0.07955461623242521
1223,0.07948954017747405
1224,0.07942411459910939
1225,0.07935835519245595
1226,0.07929227773502898
1227,0.0792258980816782
1228,0.07915923215921657
1229,0.07909229596083739
1230,0.07902510554015904
1231,0.07895767700500626
1232,0.07889002651094668
1233,0.07882217025440144
1234,0.07875412446560964
1235,0.07868590540116992
1236,0.07861752933643013
1237,0.07854901255749923
1238,0.07848037135305107
1239,0.07841162200588847
1240,0.07834278078428505
1241,0.07827386393313325
1242,0.07820488766487915
1243,0.07813586815029655
1244,0.0780668215091664
1245,0.07799776380083145
1246,0.07792871101463483
1247,0.07785967906039129
1248,0.07779068375868825
1249,0.07772174083136724
1250,0.07765286589191919
1251,0.07758407443595229
1252,0.07751538183181693
1253,0.07744680331129823
1254,0.07737835396048916
1255,0.07731004871082202
1256,0.07724190233031072
1257,0.07717392941507374
1258,0.07710614438103877
1259,0.07703856145599063
1260,0.07697119467185913
1261,0.07690405785739961
1262,0.07683716463116172
1263,0.07677052839483815
1264,0.0767041623269757
1265,0.07663807937706636
1266,0.07657229226001012
1267,0.07650681345100539
1268,0.07644165518079019
1269,0.07637682943136259
1270,0.07631234793198005
1271,0.076248222155701
1272,0.07618446331621542
1273,0.07612108236506304
1274,0.07605808998926927
1275,0.07599549660932672
1276,0.0759333123775098
1277,0.07587154717652858
1278,0.07581021061851546
1279,0.07574931204426426
1280,0.07568886052277778
1281,0.0756288648510839
1282,0.07556933355423859
1283,0.07551027488555924
1284,0.07545169682704911
1285,0.07539360708995158
1286,0.07533601311547775
1287,0.07527892207561243
1288,0.07522234087401704
1289,0.07516627614701177
1290,0.0751107342645425
1291,0.07505572133121897
1292,0.07500124318732924
1293,0.074947305409781
1294,0.07489391331307303
1295,0.07484107195013247
1296,0.07478878611312409
1297,0.07473706033411437
1298,0.07468589888565828
1299,0.07463530578124809
1300,0.07458528477564685
1301,0.07453583936507077
1302,0.07448697278722845
1303,0.07443868802123246
1304,0.07439098778734272
1305,0.07434387454658617
1306,0.07429735050020818
1307,0.07425141758902529
1308,0.07420607749261984
1309,0.07416133162841437
1310,0.07411718115065594
1311,0.07407362694930872
1312,0.0740306696488352
1313,0.07398830960695676
1314,0.07394654691334733
1315,0.07390538138827552
1316,0.07386481258126272
1317,0.07382483976977877
1318,0.07378546195790928
1319,0.07374667787514184
1320,0.07370848597518331
1321,0.07367088443490202
1322,0.07363387115339318
1323,0.07359744375115283
1324,0.07356159956946047
1325,0.07352633566995248
1326,0.07349164883434606
1327,0.07345753556444087
1328,0.0734239920823611
1329,0.07339101433101518
1330,0.07335859797489862
1331,0.07332673840113861
1332,0.07329543072087194
1333,0.0732646697708913
1334,0.07323445011567431
1335,0.07320476604972169
1336,0.07317561160018786
1337,0.07314698052994306
1338,0.07311886634087507
1339,0.07309126227760164
1340,0.07306416133149202
1341,0.07303755624498377
1342,0.07301143951633451
1343,0.07298580340456476
1344,0.0729606399347665
1345,0.07293594090369528
1346,0.07291169788565476
1347,0.07288790223861379
1348,0.07286454511058797
1349,0.07284161744627193
1350,0.07281910999380183
1351,0.07279701331178827
1352,0.07277531777647847
1353,0.07275401358903479
1354,0.07273309078298987
1355,0.07271253923174949
1356,0.07269234865616536
1357,0.07267250863218483
1358,0.07265300859850249
1359,0.07263383786423666
1360,0.07261498561653472
1361,0.07259644092817133
1362,0.07257819276508752
1363,0.07256022999379295
1364,0.07254254138871379
1365,0.07252511563935601
1366,0.07250794135739133
1367,0.0724910070835392
1368,0.07247430129424774
1369,0.07245781240824965
1370,0.07244152879289678
1371,0.0724254387702463
1372,0.07240953062299182
1373,0.07239379260012217
1374,0.07237821292236421
1375,0.07236277978741278
1376,0.07234748137494004
1377,0.07233230585132773
1378,0.07231724137422854
1379,0.07230227609688505
1380,0.07228739817220053
1381,0.07227259575668857
1382,0.07225785701413659
1383,0.07224317011912028
1384,0.07222852326040391
1385,0.07221390464406147
1386,0.07219930249656117
1387,0.07218470506767727
1388,0.07217010063324591
1389,0.0721554774979349
1390,0.0721408239978048
1391,0.07212612850293283
1392,0.07211137941989615
1393,0.07209656519425786
1394,0.07208167431310569
1395,0.07206669530749453
1396,0.0720516167549966
1397,0.0720364272822842
1398,0.07202111556770643
1399,0.07200567034404134
1400,0.07199008040123513
1401,0.0719743345893294
1402,0.07195842182141944
1403,0.07194233107681122
1404,0.07192605140423894
1405,0.07190957192524966
1406,0.07189288183777348
1407,0.07187597041976698
1408,0.07185882703305775
1409,0.07184144112731712
1410,0.07182380224419481
1411,0.07180590002162007
1412,0.07178772419820476
1413,0.07176926461782904
1414,0.07175051123433836
1415,0.07173145411637331
1416,0.07171208345228276
1417,0.07169238955521459
1418,0.0716723628682052
1419,0.07165199396942826
1420,0.07163127357745001
1421,0.07161019255655536
1422,0.07158874192208213
1423,0.07156691284578305
1424,0.07154469666121252
1425,0.07152208486901086
1426,0.07149906914221883
1427,0.07147564133149775
1428,0.07145179347025916
1429,0.07142751777970432
1430,0.0714028066737469
1431,0.07137765276377686
1432,0.0713520488633256
1433,0.07132598799245644
1434,0.07129946338204834
1435,0.07127246847785502
1436,0.07124499694431018
1437,0.0712170426681345
1438,0.0711885997616604
1439,0.07115966256594757
1440,0.07113022565354728
1441,0.07110028383107343
1442,0.07106983214144691
1443,0.0710388658658538
1444,0.07100738052538769
1445,0.070975371882447
1446,0.07094283594177588
1447,0.07090976895123498
1448,0.070876167402305
1449,0.07084202803023583
1450,0.0708073478139447
1451,0.07077212397566934
1452,0.07073635398026742
1453,0.07070003553432455
1454,0.07066316658497941
1455,0.07062574531852321
1456,0.07058777015877071
1457,0.07054923976521374
1458,0.07051015303096264
1459,0.07047050908056113
1460,0.07043030726758373
1461,0.07038954717208684
1462,0.07034822859799153
1463,0.07030635157025115
1464,0.07026391633201046
1465,0.0702209233416689
1466,0.07017737326984667
1467,0.07013326699637026
1468,0.07008860560716008
1469,0.07004339039118218
1470,0.06999762283733466
1471,0.06995130463141647
1472,0.06990443765312057
1473,0.06985702397304701
1474,0.06980906584980485
1475,0.06976056572718546
1476,0.06971152623141735
1477,0.06966195016850979
1478,0.06961184052168391
1479,0.06956120044895849
1480,0.06951003328078496
1481,0.06945834251785407
1482,0.06940613182894616
1483,0.06935340504900192
1484,0.06930016617722133
1485,0.06924641937530346
1486,0.06919216896582922
1487,0.06913741943068763
1488,0.06908217540967156
1489,0.06902644169910205
1490,0.06897022325058078
1491,0.06891352516981938
1492,0.06885635271548973
1493,0.06879871129813642
1494,0.068740606479198
1495,0.06868204396994568
1496,0.0686230296305288
1497,0.06856356946894637
1498,0.0685036696400985
1499,0.06844333644466932
1500,0.0683825763280941
1501,0.06832139587941168
1502,0.06825980183003232
1503,0.06819780105243364
1504,0.0681354005587703
1505,0.06807260749933106
1506,0.06800942916087949
1507,0.06794587296488998
1508,0.06788194646557279
1509,0.06781765734777953
1510,0.06775301342471536
1511,0.06768802263545248
1512,0.06762269304232862
1513,0.0675570328280511
1514,0.06749105029267381
1515,0.06742475385033254
1516,0.06735815202583996
1517,0.06729125345095341
1518,0.06722406686056082
1519,0.06715660108859878
1520,0.06708886506378058
1521,0.06702086780513408
1522,0.06695261841737993
1523,0.06688412608604093
1524,0.06681540007249062
1525,0.0667464497087665
1526,0.06667728439227005
1527,0.06660791358027504
1528,0.0665383467843724
1529,0.06646859356477812
1530,0.06639866352452418
1531,0.06632856630360044
1532,0.06625831157302488
1533,0.06618790902885707
1534,0.06611736838618139
1535,0.06604669937307953
1536,0.06597591172462694
1537,0.06590501517687254
1538,0.06583401946090502
1539,0.06576293429691688
1540,0.0656917693884437
1541,0.06562053441655605
1542,0.06554923903429448
1543,0.06547789286113541
1544,0.06540650547762268
1545,0.06533508642018655
1546,0.06526364517606824
1547,0.06519219117845584
1548,0.06512073380178271
1549,0.06504928235725495
1550,0.06497784608857245
1551,0.06490643416783114
1552,0.0648350556916867
1553,0.06476371967768638
1554,0.06469243506088415
1555,0.06462121069062089
1556,0.06455005532760294
1557,0.06447897764109844
1558,0.06440798620645122
1559,0.06433708950276888
1560,0.06426629591080753
1561,0.06419561371107749
1562,0.06412505108213441
1563,0.06405461609907313
1564,0.06398431673218549
1565,0.06391416084575187
1566,0.06384415619702047
1567,0.06377431043532053
1568,0.06370463110128477
1569,0.06363512562618022
1570,0.06356580133135485
1571,0.06349666542773479
1572,0.06342772501539919
1573,0.06335898708320224
1574,0.06329045850843586
1575,0.06322214605649545
1576,0.06315405638055226
1577,0.06308619602121693
1578,0.06301857140617874
1579,0.06295118884977274
1580,0.06288405455257795
1581,0.06281717460082452
1582,0.0627505549658603
1583,0.06268420150339489
1584,0.06261811995277111
1585,0.06255231593606797
1586,0.06248679495708046
1587,0.06242156240024943
1588,0.06235662352941698
1589,0.06229198348647225
1590,0.0622276472899016
1591,0.062163619833158844
1592,0.06209990588301054
1593,0.062036510077663955
1594,0.06197343692485685
1595,0.061910690799777575
1596,0.06184827594296818
1597,0.06178619645805152
1598,0.06172445630944498
1599,0.06166305931997954
1600,0.061602009168425884
1601,0.061541309387053676
1602,0.06148096335909887
1603,0.061420974316229254
1604,0.06136134533602103
1605,0.06130207933947754
1606,0.06124317908848478
1607,0.06118464718341426
1608,0.061126486060762784
1609,0.06106869799084255
1610,0.06101128507561023
1611,0.06095424924658284
1612,0.06089759226290749
1613,0.0608413157095406
1614,0.06078542099563927
1615,0.06072990935308109
1616,0.060674781835224054
1617,0.06062003931579835
1618,0.06056568248807805
1619,0.06051171186424448
1620,0.06045812777497102
1621,0.060404930369277014
1622,0.06035211961461366
1623,0.06029969529720764
1624,0.06024765702261463
1625,0.060196004216629156
1626,0.06014473612632355
1627,0.060093851821458176
1628,0.060043350196052
1629,0.059993229970295756
1630,0.05994348969260302
1631,0.059894127741980684
1632,0.05984514233058614
1633,0.059796531506506684
1634,0.059748293156733134
1635,0.0597004250103748
1636,0.05965292464197133
1637,0.05960578947505202
1638,0.0595590167857797
1639,0.05951260370677139
1640,0.059466547230969585
1641,0.0594208442157152
1642,0.059375491386771014
1643,0.05933048534251908
1644,0.059285822558113294
1645,0.05924149938969191
1646,0.05919751207860621
1647,0.05915385675560471
1648,0.05911052944498261
1649,0.0590675260687088
1650,0.0590248424504628
1651,0.058982474319580536
1652,0.058940417314921244
1653,0.05889866698864766
1654,0.05885721880977965
1655,0.05881606816771073
1656,0.05877521037553597
1657,0.05873464067323133
1658,0.05869435423065616
1659,0.05865434615039119
1660,0.058614611470386685
1661,0.058575145166480165
1662,0.05853594215467177
1663,0.058496997293246845
1664,0.058458305384736925
1665,0.05841986117766702
1666,0.05838165936819696
1667,0.05834369460150316
1668,0.058305961473134056
1669,0.05826845453007704
1670,0.058231168271814085
1671,0.058194097151198096
1672,0.058157235575207966
1673,0.05812057790563296
1674,0.05808411845968527
1675,0.05804785151052477
1676,0.0580117712877351
1677,0.057975871977804745
1678,0.057940147724551624
1679,0.05790459262956099
1680,0.057869200752682357
1681,0.05783396611250334
1682,0.057798882686927525
1683,0.05776394441381004
1684,0.0577291451916603
1685,0.05769447888050336
1686,0.05765993930281166
1687,0.05762552024455747
1688,0.05759121545647448
1689,0.05755701865544567
1690,0.05752292352602018
1691,0.057488923722151995
1692,0.057455012869137914
1693,0.05742118456568025
1694,0.05738743238622214
1695,0.05735374988341158
1696,0.05732013059079624
1697,0.0572865680257228
1698,0.05725305569241318
1699,0.057219587085256235
1700,0.05718615569224989
1701,0.05715275499863268
1702,0.057119378490730156
1703,0.05708601965987546
1704,0.05705267200655361
1705,0.05701932904462707
1706,0.056985984305715554
1707,0.05695263134363597
1708,0.056919263738994655
1709,0.05688587510378755
1710,0.0568524590860477
1711,0.05681900937460036
1712,0.056785519703706655
1713,0.0567519838578194
1714,0.056718395676231256
1715,0.05668474905767888
1716,0.05665103796491525
1717,0.05661725642915429
1718,0.05658339855443765
1719,0.05654945852184386
1720,0.05651543059355039
1721,0.0564813091167478
1722,0.0564470885273802
1723,0.05641276335365355
1724,0.056378328219372
1725,0.05634377784702474
1726,0.056309107060655054
1727,0.056274310788503666
1728,0.056239384065335116
1729,0.0562043220345855
1730,0.05616911995019922
1731,0.05613377317822282
1732,0.05609827719812601
1733,0.056062627603877604
1734,0.056026820104719294
1735,0.055990850525714966
1736,0.0559547148080572
1737,0.05591840900911188
1738,0.0558819293022195
1739,0.05584527197632262
1740,0.05580843343533992
1741,0.05577141019736983
1742,0.05573419889369124
1743,0.0556967962676447
1744,0.055659199173324805
1745,0.05562140457418694
1746,0.05558340954149411
1747,0.05554521125272638
1748,0.055506806989913185
1749,0.05546819413786915
1750,0.05542937018247089
1751,0.05539033270891732
1752,0.055351079399918
1753,0.055311608034025385
1754,0.05527191648396711
1755,0.055232002715011004
1756,0.055191864783501014
1757,0.05515150083539367
1758,0.055110909105005795
1759,0.05507008791383082
1760,0.05502903566953277
1761,0.05498775086505234
1762,0.0549462320779047
1763,0.05490447796964831
1764,0.05486248728551752
1765,0.05482025885424356
1766,0.05477779158803973
1767,0.0547350844827796
1768,0.05469213661837171
1769,0.05464894715926045
1770,0.05460551535513324
1771,0.05456184054181199
1772,0.054517922142243255
1773,0.05447375966769706
1774,0.05442935271902491
1775,0.05438470098810066
1776,0.054339804259344086
1777,0.05429466241130396
1778,0.05424927541837294
1779,0.054203643352510954
1780,0.05415776638500222
1781,0.054111644788252394
1782,0.054065278937575414
1783,0.05401866931294418
1784,0.053971816500715836
1785,0.05392472119526057
1786,0.053877384200552346
1787,0.053829806431608916
1788,0.05378198891584364
1789,0.05373393279426898
1790,0.05368563932250582
1791,0.05363710987166042
1792,0.05358834592903457
1793,0.053539349098545845
1794,0.05349012110098153
1795,0.05344066377403939
1796,0.05339097907210625
1797,0.05334106906578144
1798,0.05329093594119515
1799,0.05324058199900885
1800,0.05319000965318359
1801,0.053139221429526366
1802,0.05308821996391631
1803,0.05303700800031286
1804,0.05298558838849905
1805,0.052933964081601476
1806,0.05288213813336928
1807,0.05283011369522346
1808,0.0527778940130982
1809,0.05272548242407873
1810,0.052672882352888126
1811,0.05262009730817244
1812,0.05256713087864795
1813,0.05251398672914362
1814,0.05246066859649433
1815,0.052407180285382944
1816,0.05235352566410707
1817,0.05229970866026294
1818,0.052245733256464734
1819,0.052191603486005524
1820,0.052137323428589344
1821,0.0520828972060487
1822,0.05202832897817798
1823,0.051973622938610506
1824,0.051918783310804774
1825,0.05186381434414925
1826,0.05180872031024842
1827,0.05175350549926881
1828,0.05169817421654469
1829,0.05164273077934088
1830,0.05158717951375781
1831,0.051531524751937764
1832,0.05147577082939262
1833,0.05141992208260489
1834,0.05136398284684984
1835,0.0513079574542114
1836,0.05125185023188402
1837,0.05119566550064569
1838,0.05113940757361354
1839,0.05108308075516435
1840,0.051026689340106623
1841,0.05097023761306907
1842,0.050913729848040386
1843,0.05085717030815019
1844,0.05080056324560199
1845,0.05074391290173711
1846,0.050687223507290755
1847,0.050630499282738085
1848,0.05057374443878165
1849,0.05051696317689466
1850,0.050460159689968205
1851,0.05040333816299382
1852,0.05034650277377863
1853,0.05028965769369463
1854,0.050232807088371856
1855,0.050175955118422225
1856,0.05011910594007529
1857,0.05006226370576618
1858,0.05000543256465056
1859,0.04994861666296828
1860,0.049891820144322335
1861,0.04983504714987668
1862,0.04977830181829137
1863,0.04972158828557192
1864,0.049664910684746405
1865,0.049608273145321895
1866,0.04955167979259763
1867,0.04949513474673539
1868,0.04943864212165636
1869,0.04938220602373176
1870,0.049325830550247085
1871,0.049269519787716494
1872,0.049213277809906586
1873,0.049157108675774594
1874,0.049101016427102344
1875,0.049045005086045805
1876,0.04898907865246366
1877,0.04893324110107977
1878,0.04887749637852107
1879,0.04882184840022194
1880,0.04876630104719299
1881,0.04871085816273013
1882,0.04865552354898488
1883,0.04860030096351312
1884,0.04854519411576192
1885,0.048490206663556204
1886,0.048435342209547025
1887,0.04838060429770111
1888,0.04832599640981676
1889,0.048271521962132656
1890,0.04821718430195181
1891,0.04816298670442711
1892,0.048108932369426226
1893,0.048055024418544215
1894,0.04800126589227656
1895,0.04794765974735185
1896,0.04789420885427294
1897,0.04784091599502841
1898,0.04778778386101633
1899,0.0477348150512321
1900,0.047682012070633176
1901,0.04762937732879072
1902,0.04757691313875616
1903,0.04752462171620126
1904,0.047472505178798884
1905,0.047420565545837276
1906,0.04736880473812027
1907,0.047317224578114034
1908,0.047265826790311334
1909,0.047214613001843375
1910,0.047163584743312406
1911,0.04711274344987605
1912,0.04706209046250323
1913,0.047011627029427516
1914,0.04696135430780495
1915,0.04691127336549353
1916,0.04686138518300799
1917,0.04681169065561247
1918,0.04676219059549176
1919,0.04671288573405215
1920,0.04666377672426003
1921,0.04661486414306415
1922,0.04656614849382919
1923,0.0465176302087725
1924,0.046469309651462815
1925,0.04642118711917493
1926,0.0463732628453301
1927,0.04632553700177096
1928,0.04627800970101987
1929,0.04623068099840632
1930,0.04618355089408208
1931,0.046136619334983205
1932,0.04608988621651401
1933,0.04604335138420011
1934,0.04599701463516436
1935,0.04595087571935643
1936,0.04590493434071264
1937,0.04585919015806529
1938,0.04581364278589181
1939,0.04576829179488688
1940,0.04572313671231105
1941,0.0456781770222309
1942,0.04563341216549055
1943,0.04558884153957206
1944,0.04554446449826212
1945,0.04550028035117305
1946,0.045456288363112676
1947,0.04541248775330105
1948,0.04536887769446933
1949,0.045325457311857095
1950,0.04528222568210682
1951,0.045239181832076834
1952,0.045196324737583206
1953,0.045153653322099356
1954,0.04511116645543223
1955,0.04506886295238363
1956,0.04502674157140898
1957,0.04498480101328627
1958,0.04494303991987075
1959,0.044901456872895436
1960,0.04486005039278303
1961,0.044818818937677765
1962,0.044777760902469196
1963,0.04473687461798087
1964,0.044696158350353656
1965,0.04465561030048576
1966,0.044615228603719526
1967,0.04457501132964955
1968,0.04453495648213346
1969,0.044495061999500034
1970,0.044455325754963776
1971,0.04441574555722085
1972,0.04437631915125931
1973,0.04433704421938594
1974,0.04429791838245688
1975,0.04425893920129539
1976,0.04422010417834678
1977,0.04418141075950616
1978,0.044142856336145044
1979,0.04410443824734015
1980,0.04406615378220561
1981,0.04402800018249465
1982,0.04398997464526758
1983,0.043952074325735155
1984,0.04391429634020297
1985,0.04387663776915268
1986,0.04383909566040638
1987,0.04380166703235997
1988,0.043764348877245715
1989,0.04372713816451889
1990,0.04369003184418723
1991,0.043653026850177724
1992,0.043616120103699474
1993,0.04357930851655925
1994,0.04354258899445557
1995,0.04350595844017774
1996,0.04346941375673757
1997,0.04343295185043334
1998,0.04339656963372355
1999,0.04336026402810606
2000,0.043324031966716456
2001,0.043287870396909685
2002,0.043251776282584024
2003,0.0432157466063686
2004,0.04317977837167476
2005,0.04314386860450988
2006,0.04310801435515211
2007,0.04307221269958305
2008,0.04303646074078246
2009,0.04300075560980509
2010,0.042965094466675464
2011,0.042929474501076315
2012,0.04289389293290518
2013,0.04285834701255719
2014,0.04282283402115655
2015,0.04278735127054669
2016,0.042751896103139155
2017,0.04271646589164631
2018,0.04268105803865528
2019,0.0426456699760781
2020,0.04261029916455727
2021,0.04257494309269494
2022,0.04253959927626069
2023,0.042504265257306294
2024,0.04246893860328201
2025,0.04243361690605401
2026,0.042398297780974405
2027,0.042362978865872244
2028,0.042327657820142514
2029,0.042292332323815976
2030,0.0422570000766638
2031,0.04222165879739456
2032,0.042186306222908705
2033,0.04215094010761394
2034,0.04211555822287596
2035,0.04208015835653674
2036,0.04204473831257453
2037,0.0420092959108565
2038,0.04197382898705343
2039,0.04193833539267765
2040,0.04190281299525659
2041,0.04186725967865146
2042,0.04183167334352245
2043,0.04179605190794585
2044,0.0417603933082024
2045,0.041724695499603795
2046,0.04168895645762019
2047,0.04165317417902002
2048,0.04161734668316553
2049,0.041581472013480204
2050,0.04154554823898953
2051,0.041509573455946795
2052,0.04147354578960591
2053,0.04143746339606428
2054,0.04140132446416411
2055,0.0413651272174617
2056,0.04132886991621985
2057,0.041292550859520175
2058,0.0412561683872858
2059,0.04121972088239076
2060,0.041183206772712616
2061,0.04114662453321087
2062,0.04110997268792519
2063,0.04107324981197022
2064,0.04103645453343412
2065,0.04099958553518051
2066,0.04096264155665477
2067,0.04092562139547548
2068,0.04088852390900801
2069,0.04085134801576723
2070,0.04081409269669347
2071,0.040776756996327865
2072,0.04073934002378047
2073,0.04070184095360091
2074,0.040664259026455846
2075,0.04062659354969165
2076,0.040588843897632655
2077,0.04055100951183269
2078,0.04051308990111496
2079,0.04047508464138405
2080,0.0404369933753752
2081,0.040398815812143024
2082,0.04036055172648057
2083,0.04032220095812336
2084,0.04028376341083809
2085,0.0402452390513508
2086,0.04020662790816535
2087,0.040167930070219016
2088,0.04012914568550931
2089,0.04009027495948518
2090,0.040051318153493214
2091,0.04001227558302749
2092,0.03997314761594282
2093,0.0399339346706696
2094,0.039894637214305806
2095,0.0398552557607008
2096,0.03981579086854954
2097,0.039776243139418965
2098,0.039736613215877556
2099,0.03969690177952005
2100,0.03965710954911586
2101,0.03961723727872841
2102,0.03957728575596051
2103,0.03953725580020269
2104,0.03949714826096884
2105,0.039456964016313704
2106,0.039416703971319064
2107,0.039376369056706995
2108,0.039335960227522164
2109,0.039295478461970006
2110,0.03925492476026933
2111,0.03921430014372124
2112,0.03917360565383585
2113,0.039132842351595545
2114,0.03909201131682746
2115,0.03905111364769061
2116,0.039010150460280245
2117,0.03896912288834496
2118,0.03892803208315356
2119,0.03888687921338206
2120,0.038845665465165026
2121,0.03880439204223424
2122,0.038763060166082886
2123,0.03872167107633875
2124,0.038680226031069624
2125,0.038638726307246546
2126,0.038597173201181716
2127,0.03855556802907764
2128,0.03851391212762682
2129,0.03847220685453479
2130,0.03843045358916723
2131,0.038388653733106196
2132,0.038346808710810434
2133,0.038304919970171734
2134,0.038262988983072996
2135,0.038221017245911336
2136,0.03817900628006303
2137,0.03813695763234174
2138,0.03809487287536189
2139,0.03805275360780733
2140,0.03801060145465636
2141,0.03796841806732392
2142,0.037926205123702705
2143,0.03788396432810717
2144,0.0378416974111256
2145,0.03779940612935618
2146,0.03775709226504478
2147,0.03771475762561638
2148,0.03767240404309014
2149,0.03763003337336629
2150,0.03758764749543224
2151,0.037545248310455
2152,0.03750283774073523
2153,0.03746041772860846
2154,0.03741799023516052
2155,0.03737555723893289
2156,0.0373331207345005
2157,0.037290682730934235
2158,0.03724824525023779
2159,0.03720581032566972
2160,0.037163380000003604
2161,0.0371209563237366
2162,0.03707854135324621
2163,0.037036137148925764
2164,0.03699374577322734
2165,0.03695136928875066
2166,0.03690900975626721
2167,0.03686666923273381
2168,0.0368243497693775
2169,0.03678205340972979
2170,0.03673978218767384
2171,0.03669753812557696
2172,0.03665532323239536
2173,0.036613139501911494
2174,0.03657098891093806
2175,0.03652887341765207
2176,0.036486794959991894
2177,0.036444755454038316
2178,0.03640275679264073
2179,0.03636080084402726
2180,0.03631888945050067
2181,0.03627702442728957
2182,0.03623520756146481
2183,0.03619344061096729
2184,0.0361517253037895
2185,0.036110063337182724
2186,0.03606845637700243
2187,0.036026906057239794
2188,0.03598541397955339
2189,0.03594398171300117
2190,0.03590261079377188
2191,0.03586130272517739
2192,0.035820058977558245
2193,0.03577888098847672
2194,0.03573777016284919
2195,0.03569672787323435
2196,0.035655755460195365
2197,0.03561485423273665
2198,0.035574025468839574
2199,0.03553327041598837
2200,0.03549259029181151
2201,0.035451986284760824
2202,0.03541145955479568
2203,0.03537101123417671
2204,0.03533064242817683
2205,0.035290354215900904
2206,0.03525014765106543
2207,0.03521002376278949
2208,0.03516998355638015
2209,0.03513002801411528
2210,0.03509015809595829
2211,0.03505037474027952
2212,0.03501067886454313
2213,0.034971071365938695
2214,0.03493155312195878
2215,0.034892124990922785
2216,0.03485278781242324
2217,0.03481354240775451
2218,0.03477438958022616
2219,0.034735330115409774
2220,0.034696364781327746
2221,0.034657494328524184
2222,0.03461871949010053
2223,0.034580040981648415
2224,0.03454145950110311
2225,0.034502975728495214
2226,0.03446459032564896
2227,0.034426303935770675
2228,0.03438811718300894
2229,0.03435003067190142
2230,0.03431204498671252
2231,0.034274160690811316
2232,0.03423637832588159
2233,0.03419869841116446
2234,0.03416112144253088
2235,0.03412364789162814
2236,0.0340862782049411
2237,0.03404901280278595
2238,0.034011852078352826
2239,0.03397479639665741
2240,0.033937846093514495
2241,0.033901001474548026
2242,0.03386426281412216
2243,0.03382763035435585
2244,0.03379110430413683
2245,0.033754684838166855
2246,0.03371837209604819
2247,0.0336821661813858
2248,0.033646067161015855
2249,0.03361007506421873
2250,0.0335741898820413
2251,0.033538411566661354
2252,0.03350274003088278
2253,0.03346717514767521
2254,0.03343171674981979
2255,0.0333963646296335
2256,0.033361118538828075
2257,0.033325978188428564
2258,0.03329094324883615
2259,0.033256013349987505
2260,0.03322118808160493
2261,0.03318646699355977
2262,0.033151849596380074
2263,0.033117335361800775
2264,0.03308292372352241
2265,0.03304861407797127
2266,0.03301440578518494
2267,0.032980298169837344
2268,0.0329462905223304
2269,0.032912382099994315
2270,0.03287857212830424
2271,0.03284485980226859
2272,0.032811244287785916
2273,0.03277772472317938
2274,0.032744300220674864
2275,0.03271096986797796
2276,0.032677732729912444
2277,0.03264458785000206
2278,0.032611534252207364
2279,0.03257857094252202
2280,0.032545696910665
2281,0.03251291113174886
2282,0.032480212567911074
2283,0.03244760016994851
2284,0.032415072878867794
2285,0.03238262962744248
2286,0.03235026934168423
2287,0.03231799094226081
2288,0.03228579334588418
2289,0.032253675466538206
2290,0.03222163621670922
2291,0.032189674508436156
2292,0.03215778925438282
2293,0.03212597936872548
2294,0.0320942437679316
2295,0.03206258137151149
2296,0.03203099110256303
2297,0.031999471888291844
2298,0.03196802266036807
2299,0.03193664235516076
2300,0.03190532991395724
2301,0.03187408428291623
2302,0.03184290441305429
2303,0.03181178926008297
2304,0.03178073778411857
2305,0.03174974894934129
2306,0.03171882172355929
2307,0.03168795507763644
2308,0.03165714798496129
2309,0.03162639942073233
2310,0.03159570836124819
2311,0.031565073783128214
2312,0.03153449466253127
2313,0.031503969974301355
2314,0.03147349869108895
2315,0.03144307978250314
2316,0.03141271221424461
2317,0.03138239494724726
2318,0.03135212693681728
2319,0.03132190713186936
2320,0.03129173447414786
2321,0.03126160789750376
2322,0.031231526327261058
2323,0.03120148867963793
2324,0.031171493861235303
2325,0.03114154076863821
2326,0.03111162828808571
2327,0.031081755295245154
2328,0.03105192065510983
2329,0.031022123221968404
2330,0.030992361839552535
2331,0.03096263534124399
2332,0.03093294255043395
2333,0.030903282280993226
2334,0.030873653337849964
2335,0.03084405451773833
2336,0.030814484610007534
2337,0.0307849423975796
2338,0.030755426658027652
2339,0.030725936164726086
2340,0.030696469688161976
2341,0.03066702599726337
2342,0.030637603860904125
2343,0.03060820204943232
2344,0.030578819336282554
2345,0.030549454499667963
2346,0.030520106324296113
2347,0.030490773603140633
2348,0.03046145513925467
2349,0.030432149747613154
2350,0.030402856256896003
2351,0.030373573511337022
2352,0.03034430037251562
2353,0.030315035721169156
2354,0.030285778458890585
2355,0.030256527509804666
2356,0.030227281822213247
2357,0.030198040370097236
2358,0.030168802154609244
2359,0.030139566205393382
2360,0.030110331581863437
2361,0.030081097374311482
2362,0.030051862704892518
2363,0.03002262672856309
2364,0.029993388633772624
2365,0.029964147643069504
2366,0.029934903013560027
2367,0.02990565403721916
2368,0.029876400041011022
2369,0.029847140386927765
2370,0.02981787447179727
2371,0.029788601727024848
2372,0.0297593216181085
2373,0.02973003364407409
2374,0.029700737336740016
2375,0.02967143225983566
2376,0.029642118008032643
2377,0.029612794205858682
2378,0.02958346050646271
2379,0.029554116590332906
2380,0.029524762163872575
2381,0.02949539695797157
2382,0.029466020726433725
2383,0.02943663324445172
2384,0.029407234306951302
2385,0.029377823726929993
2386,0.02934840133387564
2387,0.029318966972056465
2388,0.029289520498928207
2389,0.029260061783503617
2390,0.029230590704821414
2391,0.029201107150466296
2392,0.029171611015104577
2393,0.02914210219915188
2394,0.029112580607519346
2395,0.02908304614848838
2396,0.0290534987326485
2397,0.029023938272003273
2398,0.02899436467917041
2399,0.028964777866746085
2400,0.02893517774681005
2401,0.028905564230553873
2402,0.02887593722808146
2403,0.028846296648371746
2404,0.02881664239931751
2405,0.028786974388044284
2406,0.02875729252125416
2407,0.028727596705817246
2408,0.028697886849420994
2409,0.0286681628613756
2410,0.028638424653623304
2411,0.0286086721417311
2412,0.028578905246137733
2413,0.028549123893371296
2414,0.028519328017468988
2415,0.02848951756138804
2416,0.028459692478515083
2417,0.028429852734253566
2418,0.028399998307581272
2419,0.0283701291926943
2420,0.02834024540063599
2421,0.028310346960903725
2422,0.02828043392302293
2423,0.028250506358115626
2424,0.028220564360443012
2425,0.028190608048795803
2426,0.028160637567858093
2427,0.028130653089497054
2428,0.028100654813887866
2429,0.028070642970584155
2430,0.02804061781939427
2431,0.028010579651183008
2432,0.027980528788464007
2433,0.027950465585882198
2434,0.02792039043051101
2435,0.027890303741987997
2436,0.02786020597248022
2437,0.02783009760645108
2438,0.027799979160327545
2439,0.027769851181889058
2440,0.027739714249564163
2441,0.027709568971493074
2442,0.027679415984484826
2443,0.02764925595280412
2444,0.02761908956677979
2445,0.027588917541285823
2446,0.02755874061405962
2447,0.02752855954398753
2448,0.02749837510914383
2449,0.02746818810490308
2450,0.02743799934175884
2451,0.027407809643294527
2452,0.027377619843969022
2453,0.027347430786835526
2454,0.027317243321377936
2455,0.027287058301222907
2456,0.02725687658190563
2457,0.027226699018660587
2458,0.027196526464268077
2459,0.027166359766940443
2460,0.027136199768251178
2461,0.02710604730127964
2462,0.027075903188702705
2463,0.027045768241107115
2464,0.027015643255408204
2465,0.026985529013366056
2466,0.026955426280346244
2467,0.026925335804142886
2468,0.02689525831404113
2469,0.026865194519989765
2470,0.026835145112008203
2471,0.026805110759760543
2472,0.026775092112311483
2473,0.02674508979804205
2474,0.026715104424785505
2475,0.026685136580129606
2476,0.026655186831895793
2477,0.026625255728793096
2478,0.026595343801172996
2479,0.02656545156208443
2480,0.02653557950831062
2481,0.02650572812165777
2482,0.026475897870264206
2483,0.026446089210135672
2484,0.02641630258662092
2485,0.026386538436156525
2486,0.026356797187905526
2487,0.026327079265494154
2488,0.02629738508882669
2489,0.02626771507587185
2490,0.026238069644406545
2491,0.026208449213847435
2492,0.026178854206922685
2493,0.026149285051352264
2494,0.026119742181446165
2495,0.026090226039617786
2496,0.026060737077804166
2497,0.026031275758722806
2498,0.026001842557040872
2499,0.025972437960441998
2500,0.02594306247044924
2501,0.025913716603124453
2502,0.025884400889670346
2503,0.02585511587671848
2504,0.025825862126575602
2505,0.025796640217194126
2506,0.025767450741975544
2507,0.025738294309402592
2508,0.025709171542497
2509,0.02568008307807633
2510,0.0256510295658019
2511,0.02562201166713695
2512,0.025593030054049712
2513,0.025564085407615556
2514,0.025535178416506828
2515,0.025506309775218866
2516,0.025477480182335335
2517,0.025448690338581395
2518,0.0254199409448184
2519,0.02539123269995971
2520,0.025362566298864724
2521,0.02533394243007668
2522,0.025305361773697046
2523,0.02527682499911772
2524,0.025248332762829513
2525,0.025219885706235123
2526,0.025191484453552723
2527,0.025163129609695627
2528,0.02513482175831969
2529,0.025106561459910366
2530,0.025078349250006217
2531,0.025050185637545123
2532,0.02502207110336601
2533,0.0249940060988168
2534,0.024965991044554214
2535,0.024938026329525607
2536,0.0249101123101336
2537,0.024882249309561757
2538,0.024854437617313922
2539,0.024826677488946465
2540,0.024798969146009688
2541,0.024771312776149863
2542,0.024743708533482532
2543,0.02471615653906029
2544,0.024688656881639136
2545,0.024661209618556834
2546,0.024633814776813923
2547,0.02460647235431533
2548,0.0245791823212881
2549,0.024551944621793883
2550,0.02452475917547805
2551,0.02449762587930473
2552,0.024470544609481375
2553,0.024443515223459035
2554,0.024416537561984787
2555,0.02438961145119501
2556,0.024362736704803205
2557,0.024335913126247735
2558,0.024309140510845956
2559,0.024282418647964342
2560,0.02425574732308674
2561,0.024229126319944463
2562,0.02420255542242341
2563,0.02417603441649635
2564,0.024149563092031236
2565,0.024123141244431535
2566,0.02409676867620133
2567,0.02407044519834713
2568,0.02404417063159949
2569,0.024017944807511203
2570,0.023991767569364712
2571,0.023965638772876597
2572,0.02393955828675048
2573,0.023913525993014897
2574,0.023887541787177356
2575,0.023861605578202195
2576,0.023835717288274487
2577,0.02380987685237355
2578,0.023784084217686283
2579,0.02375833934281968
2580,0.02373264219685757
2581,0.023706992758248082
2582,0.023681391013551264
2583,0.023655836956026334
2584,0.023630330584124573
2585,0.023604871899871042
2586,0.023579460907093678
2587,0.02355409760965865
2588,0.02352878200955934
2589,0.023503514105030997
2590,0.02347829388856772
2591,0.023453121345004563
2592,0.023427996449514998
2593,0.023402919165746557
2594,0.023377889443895485
2595,0.023352907218880482
2596,0.02332797240861882
2597,0.023303084912351002
2598,0.02327824460912124
2599,0.023253451356326015
2600,0.02322870498843606
2601,0.023204005315860914
2602,0.023179352123958143
2603,0.023154745172216544
2604,0.023130184193648692
2605,0.02310566889428546
2606,0.02308119895295935
2607,0.02305677402120833
2608,0.023032393723377738
2609,0.023008057656946294
2610,0.022983765393036294
2611,0.02295951647708651
2612,0.022935310429724007
2613,0.022911146747845047
2614,0.02288702490576886
2615,0.02286294435669298
2616,0.02283890453414794
2617,0.02281490485372685
2618,0.022790944714819406
2619,0.02276702350251992
2620,0.022743140589659
2621,0.022719295338821124
2622,0.022695487104509665
2623,0.022671715235316768
2624,0.02264797907613632
2625,0.022624277970363402
2626,0.022600611262103852
2627,0.022576978298377043
2628,0.022553378431246388
2629,0.022529811019902545
2630,0.02250627543268623
2631,0.02248277104897388
2632,0.022459297261031297
2633,0.022435853475643933
2634,0.022412439115745204
2635,0.022389053621810248
2636,0.022365696453059407
2637,0.02234236708864093
2638,0.022319065028509003
2639,0.022295789794163384
2640,0.022272540929242447
2641,0.02224931799988372
2642,0.0222261205949157
2643,0.022202948325883973
2644,0.022179800826868296
2645,0.02215667775410951
2646,0.022133578785462567
2647,0.02211050361972118
2648,0.022087451975735212
2649,0.022064423591386082
2650,0.022041418222409355
2651,0.022018435641124705
2652,0.02199547563500221
2653,0.021972538005129882
2654,0.021949622564622153
2655,0.021926729136936437
2656,0.02190385755407837
2657,0.02188100765489713
2658,0.021858179283196416
2659,0.021835372285927475
2660,0.021812586511383937
2661,0.021789821807383845
2662,0.021767078019529575
2663,0.0217443549895122
2664,0.021721652553429303
2665,0.021698970540290453
2666,0.021676308770584154
2667,0.021653667054890677
2668,0.021631045192667557
2669,0.021608442971271617
2670,0.02158586016489202
2671,0.021563296533868875
2672,0.021540751824048618
2673,0.02151822576629871
2674,0.02149571807623508
2675,0.021473228454130508
2676,0.02145075658494262
2677,0.021428302138558994
2678,0.021405864770166337
2679,0.02138344412084562
2680,0.021361039818279203
2681,0.02133865147761618
2682,0.02131627870251495
2683,0.021293921086296887
2684,0.021271578213227414
2685,0.02124924965992691
2686,0.021226934996887582
2687,0.021204633790072473
2688,0.02118234560254373
2689,0.021160069996298752
2690,0.02113780653395276
2691,0.021115554780645383
2692,0.021093314305811052
2693,0.021071084685052848
2694,0.021048865501956903
2695,0.021026656349903427
2696,0.021004456833790566
2697,0.02098226657174043
2698,0.020960085196709118
2699,0.020937912358030945
2700,0.020915747722830332
2701,0.020893590977357813
2702,0.020871441828185688
2703,0.02084930000327752
2704,0.020827165252892663
2705,0.020805037350430208
2706,0.02078291609297905
2707,0.020760801301867828
2708,0.02073869282291143
2709,0.020716590526591094
2710,0.020694494308059763
2711,0.02067240408695415
2712,0.02065031980704551
2713,0.02062824143576286
2714,0.020606168963579037
2715,0.020584102403203706
2716,0.020562041788671322
2717,0.020539987174327947
2718,0.020517938633610275
2719,0.02049589625782706
2720,0.020473860154767612
2721,0.020451830447248964
2722,0.020429807271638106
2723,0.020407790776192116
2724,0.020385781119519223
2725,0.0203637784688832
2726,0.020341782998545214
2727,0.020319794888094843
2728,0.02029781432078337
2729,0.020275841481929322
2730,0.02025387655724813
2731,0.020231919731427458
2732,0.020209971186547295
2733,0.020188031100759302
2734,0.020166099646939373
2735,0.020144176991490202
2736,0.020122263293229765
2737,0.020100358702434467
2738,0.020078463359969406
2739,0.020056577396490166
2740,0.02003470093192552
2741,0.02001283407497957
2742,0.01999097692281453
2743,0.019969129560872167
2744,0.019947292062796183
2745,0.019925464490575272
2746,0.019903646894737254
2747,0.0198818393147492
2748,0.019860041779493985
2749,0.01983825430785032
2750,0.01981647690948486
2751,0.01979470958565321
2752,0.019772952330135443
2753,0.019751205130277658
2754,0.019729467968040162
2755,0.019707740821234408
2756,0.019686023664706644
2757,0.019664316471593734
2758,0.019642619214656383
2759,0.01962093186755165
2760,0.0195992544061982
2761,0.01957758681008387
2762,0.0195559290635567
2763,0.019534281157105912
2764,0.019512643088578276
2765,0.019491014864389634
2766,0.01946939650061322
2767,0.019447788024034456
2768,0.019426189473131933
2769,0.01940460089893221
2770,0.019383022365794197
2771,0.019361453952094185
2772,0.01933989575076722
2773,0.019318347869804277
2774,0.01929681043254478
2775,0.019275283577918995
2776,0.019253767460539983
2777,0.019232262250665502
2778,0.0192107681340854
2779,0.0191892853118363
2780,0.019167813999836594
2781,0.01914635442838539
2782,0.01912490684157403
2783,0.019103471496601288
2784,0.019082048662986306
2785,0.01906063862165654
2786,0.019039241664035474
2787,0.019017858091000327
2788,0.01899648821179801
2789,0.018975132342891256
2790,0.01895379080679816
2791,0.01893246393088085
2792,0.018911152046094813
2793,0.018889855485764287
2794,0.018868574584330642
2795,0.018847309676089483
2796,0.01882606109401628
2797,0.018804829168550787
2798,0.018783614226466894
2799,0.018762416589747363
2800,0.01874123657455512
2801,0.018720074490257525
2802,0.01869893063848756
2803,0.01867780531235575
2804,0.018656698795624926
2805,0.018635611362091534
2806,0.018614543275012756
2807,0.018593494786608954
2808,0.018572466137697554
2809,0.018551457557359635
2810,0.018530469262800612
2811,0.018509501459210286
2812,0.018488554339834207
2813,0.01846762808599147
2814,0.01844672286730918
2815,0.018425838841992493
2816,0.018404976157163543
2817,0.018384134949323873
2818,0.018363315344861846
2819,0.018342517460583505
2820,0.018321741404372725
2821,0.018300987275900814
2822,0.018280255167300304
2823,0.018259545163995368
2824,0.01823885734542261
2825,0.01821819178588716
2826,0.018197548555412713
2827,0.018176927720505744
2828,0.01815632934505754
2829,0.018135753491089285
2830,0.01811520021959603
2831,0.018094669591315428
2832,0.01807416166747062
2833,0.018053676510454905
2834,0.018033214184473557
2835,0.018012774756179996
2836,0.01799235829522791
2837,0.017971964874758252
2838,0.01795159457180836
2839,0.017931247467707127
2840,0.01791092364836874
2841,0.017890623204504675
2842,0.017870346231794128
2843,0.017850092830988252
2844,0.017829863107898143
2845,0.01780965717337523
2846,0.01778947514322512
2847,0.01776931713795414
2848,0.017749183282624658
2849,0.017729073706482378
2850,0.017708988542669175
2851,0.017688927927803997
2852,0.0176688920015416
2853,0.017648880906106404
2854,0.017628894785760248
2855,0.017608933786285388
2856,0.017588998054423415
2857,0.017569087737285487
2858,0.017549202981775536
2859,0.017529343933968655
2860,0.017509510738553797
2861,0.017489703538208293
2862,0.017469922473049005
2863,0.017450167680095035
2864,0.017430439292653782
2865,0.017410737439865494
2866,0.01739106224621596
2867,0.017371413831030774
2868,0.01735179230815862
2869,0.01733219778548478
2870,0.017312630364658518
2871,0.017293090140808848
2872,0.017273577202240882
2873,0.017254091630292363
2874,0.01723463349915183
2875,0.01721520287570338
2876,0.017195799819523887
2877,0.01717642438283379
2878,0.01715707661051245
2879,0.01713775654013996
2880,0.017118464202119363
2881,0.01709919961976949
2882,0.017079962809530856
2883,0.017060753781148665
2884,0.0170415725378567
2885,0.017022419076644018
2886,0.017003293388512065
2887,0.016984195458760946
2888,0.016965125267277614
2889,0.016946082788771483
2890,0.016927067993148966
2891,0.016908080845791346
2892,0.01688912130784005
2893,0.0168701893365003
2894,0.016851284885315527
2895,0.01683240790443693
2896,0.01681355834090549
2897,0.01679473613888586
2898,0.016775941239879986
2899,0.016757173582945123
2900,0.016738433104867025
2901,0.016719719740350927
2902,0.01670103342215916
2903,0.01668237408122401
2904,0.01666374164674894
2905,0.016645136046299105
2906,0.01662655720586321
2907,0.0166080050498983
2908,0.016589479501346992
2909,0.016570980481654604
2910,0.016552507910762168
2911,0.016534061707114377
2912,0.01651564178761312
2913,0.01649724806759211
2914,0.01647888046078579
2915,0.016460538879313383
2916,0.016442223233615376
2917,0.01642393343245008
2918,0.01640566938286408
2919,0.016387430990150904
2920,0.01636921815785464
2921,0.01635103078781491
2922,0.016332868780148706
2923,0.01631473203329144
2924,0.01629662044404963
2925,0.01627853390767946
2926,0.016260472317961377
2927,0.016242435567310885
2928,0.016224423546942673
2929,0.01620643614693687
2930,0.01618847325644989
2931,0.016170534763904648
2932,0.016152620557132992
2933,0.016134730523636603
2934,0.01611686455076096
2935,0.01609902252594998
2936,0.01608120433696895
2937,0.016063409872122597
2938,0.016045639020549764
2939,0.01602789167240101
2940,0.016010167719103584
2941,0.01599246705358621
2942,0.015974789570473123
2943,0.015957135166297164
2944,0.01593950373967806
2945,0.01592189519147112
2946,0.01590430942490491
2947,0.01588674634571316
2948,0.01586920586218933
2949,0.015851687885213663
2950,0.015834192328321013
2951,0.015816719107623018
2952,0.015799268141767277
2953,0.01578183935187403
2954,0.015764432661330558
2955,0.01574704799565611
2956,0.015729685282298345
2957,0.015712344450349726
2958,0.015695025430299395
2959,0.01567772815366439
2960,0.0156604525526513
2961,0.015643198559810438
2962,0.01562596610757075
2963,0.015608755127838813
2964,0.015591565551524595
2965,0.01557439730808619
2966,0.01555725032505419
2967,0.015540124527546509
2968,0.015523019837777634
2969,0.015505936174563037
2970,0.015488873452893346
2971,0.015471831583435925
2972,0.015454810472125822
2973,0.015437810019776272
2974,0.015420830121632683
2975,0.015403870667123308
2976,0.015386931539496664
2977,0.015370012615618638
2978,0.015353113765764701
2979,0.015336234853441247
2980,0.015319375735331084
2981,0.015302536261278588
2982,0.015285716274317417
2983,0.015268915610769339
2984,0.015252134100437006
2985,0.015235371566835458
2986,0.015218627827514871
2987,0.015201902694433538
2988,0.015185195974405392
2989,0.015168507469592255
2990,0.015151836978089316
2991,0.01513518429455474
2992,0.015118549210919943
2993,0.015101931517090885
2994,0.015085331001700343
2995,0.015068747452995418
2996,0.015052180659647967
2997,0.015035630411634165
2998,0.015019096501115051
2999,0.015002578723348035
3000,0.014986076877618208
